{
 "cells": [
  {
   "cell_type": "code",
   "execution_count": 122,
   "metadata": {},
   "outputs": [],
   "source": [
    "import numpy as np\n",
    "import pandas as pd\n",
    "\n",
    "import matplotlib.pyplot as plt\n",
    "\n",
    "import utils.measure as ms\n",
    "import utils.network as networks \n",
    "import utils.nodes as nd\n",
    "import utils.visualization as vs \n",
    "\n",
    "import os\n",
    "\n",
    "from matplotlib.colors import TwoSlopeNorm\n"
   ]
  },
  {
   "cell_type": "code",
   "execution_count": 102,
   "metadata": {},
   "outputs": [],
   "source": [
    "# input_path = '../Run_2_results/Run_2_n_1_o_0p9'"
   ]
  },
  {
   "cell_type": "code",
   "execution_count": 115,
   "metadata": {},
   "outputs": [],
   "source": [
    "def result_analysis(input_path, result_folder_name, folder_name, index_factor=5):\n",
    "   \n",
    "    # Define the path to the main folder containing subfolders\n",
    "    main_folder_path = input_path\n",
    "\n",
    "    # List to store DataFrames\n",
    "    dataframes = []\n",
    "\n",
    "    # Loop through all subfolders\n",
    "    try:\n",
    "        for subfolder_name in os.listdir(main_folder_path):\n",
    "            subfolder_path = os.path.join(main_folder_path, subfolder_name)\n",
    "\n",
    "            # Check if it's a directory\n",
    "            if os.path.isdir(subfolder_path):\n",
    "                file_path = os.path.join(subfolder_path, 'opinion_trend.txt')\n",
    "\n",
    "                # Check if the file exists in the current subfolder\n",
    "                if os.path.isfile(file_path):\n",
    "                    # Read the file into a DataFrame\n",
    "                    df = pd.read_csv(file_path, sep=\"\\t\", header=0)  # header=0 assumes first line as column names\n",
    "                    dataframes.append(df)  # Add DataFrame to the list\n",
    "                    print(f\"Loaded data from: {file_path}\")\n",
    "                else:\n",
    "                    print(f\"No opinion_trend.txt found in: {subfolder_path}\")\n",
    "    except Exception as e:\n",
    "        print(f\"An error occurred: {e}\")\n",
    "\n",
    "    # Now `dataframes` contains a DataFrame for each folder's opinion_trend.txt\n",
    "    print(f\"Loaded {len(dataframes)} DataFrames.\")\n",
    "\n",
    "    # Ensure the list `dataframes` contains all the loaded DataFrames from the previous code\n",
    "    if not dataframes:\n",
    "        print(\"No DataFrames found to combine.\")\n",
    "    else:\n",
    "        # Check that all DataFrames have the same shape\n",
    "        if not all(df.shape == dataframes[0].shape for df in dataframes):\n",
    "            print(\"Error: Not all DataFrames have the same shape.\")\n",
    "        else:\n",
    "            # Compute the element-wise average\n",
    "            # Use `.values` to extract NumPy arrays and then average them\n",
    "            average_values = sum(df.values for df in dataframes) / len(dataframes)\n",
    "            \n",
    "            # Create a new DataFrame with the averaged values\n",
    "            average_df = pd.DataFrame(average_values, columns=dataframes[0].columns)\n",
    "            \n",
    "            print(\"Average DataFrame:\")\n",
    "            print(average_df)\n",
    "\n",
    "    average_df.index = average_df.index * index_factor\n",
    "\n",
    "    results_folder = result_folder_name\n",
    "    if not os.path.exists(results_folder):\n",
    "        os.makedirs(results_folder)\n",
    "        print(f\"Folder '{results_folder}' created.\")\n",
    "\n",
    "    average_df.to_csv(result_folder_name+\"/\"+folder_name+\".csv\")\n",
    "\n",
    "    plt.plot(average_df.index, average_df[\"1\"], color= \"red\")\n",
    "    plt.plot(average_df.index, average_df[\"0\"], color = \"gray\")\n",
    "    plt.plot(average_df.index, average_df[\"-1\"], color = \"blue\") \n",
    "    # plt.rc('text', usetex=False)\n",
    "    # plt.rc('font', family='sans-serif')  # Use a serif font for LaTeX style\n",
    "    # # plt.rc('text.latex', preamble=r'\\usepackage{sfmath}')  # Use sans-serif math mode\n",
    "    # plt.rcParams.update({\n",
    "    #     'font.size': 18,  # General font size\n",
    "    #     'axes.titlesize': 20,  # Title font size\n",
    "    #     'axes.labelsize': 20,  # Label font size\n",
    "    #     'legend.fontsize': 16,  # Legend font size\n",
    "    #     'xtick.labelsize': 16,  # x-axis tick font size\n",
    "    # })\n",
    "    plt.savefig(result_folder_name+\"/\"+folder_name+\".pdf\")\n",
    "    # plt.show()\n",
    "\n",
    "\n",
    "def complete_analysis(path, result_folder_name,index_factor=5):\n",
    "    try:\n",
    "        for subfolder_name in os.listdir(path):\n",
    "            subfolder_path = os.path.join(path, subfolder_name)\n",
    "\n",
    "            result_analysis(subfolder_path, result_folder_name, index_factor=index_factor, folder_name=subfolder_name)\n",
    "           \n",
    "    except Exception as e:\n",
    "        print(f\"An error occurred: {e}\")\n",
    "\n",
    "\n",
    "def meta_analysis(folder, media, opinion, run_number=2, factor = 5, feedback_day = 1000):\n",
    "    result_list = []\n",
    "    for m in media:\n",
    "        op_list = []\n",
    "        for o in opinion:\n",
    "            df = pd.read_csv(folder+f\"\\Run_{run_number}_n_{m}_o_{o}\".replace(\".\",\"p\")+\".csv\")\n",
    "            df.index = df.index * factor\n",
    "            df[\"diff\"] =  df[\"1\"] - df[\"-1\"]\n",
    "            df[\"days\"] = df.index\n",
    "            res = np.mean(df.loc[ (df[\"days\"] > feedback_day) &  (df[\"days\"] < feedback_day+365), \"diff\"])\n",
    "            op_list.append(res)\n",
    "        result_list.append(op_list)\n",
    "\n",
    "    return result_list    \n",
    "\n",
    "    \n",
    "    "
   ]
  },
  {
   "cell_type": "code",
   "execution_count": 114,
   "metadata": {},
   "outputs": [
    {
     "name": "stdout",
     "output_type": "stream",
     "text": [
      "Loaded data from: ..\\experiment_3\\Run_3_n_1_o_-0p156\\figures_20241130\\opinion_trend.txt\n",
      "Loaded data from: ..\\experiment_3\\Run_3_n_1_o_-0p156\\figures_20241130_1\\opinion_trend.txt\n",
      "Loaded data from: ..\\experiment_3\\Run_3_n_1_o_-0p156\\figures_20241130_2\\opinion_trend.txt\n",
      "Loaded data from: ..\\experiment_3\\Run_3_n_1_o_-0p156\\figures_20241130_3\\opinion_trend.txt\n",
      "Loaded data from: ..\\experiment_3\\Run_3_n_1_o_-0p156\\figures_20241130_4\\opinion_trend.txt\n",
      "Loaded data from: ..\\experiment_3\\Run_3_n_1_o_-0p156\\figures_20241130_5\\opinion_trend.txt\n",
      "Loaded data from: ..\\experiment_3\\Run_3_n_1_o_-0p156\\figures_20241130_6\\opinion_trend.txt\n",
      "Loaded data from: ..\\experiment_3\\Run_3_n_1_o_-0p156\\figures_20241130_7\\opinion_trend.txt\n",
      "Loaded 8 DataFrames.\n",
      "Average DataFrame:\n",
      "           -1        0        1\n",
      "0     0.33090  0.33735  0.33175\n",
      "1     0.32175  0.35650  0.32175\n",
      "2     0.31295  0.37480  0.31225\n",
      "3     0.30630  0.38710  0.30660\n",
      "4     0.30000  0.39925  0.30075\n",
      "...       ...      ...      ...\n",
      "2550  0.37630  0.24675  0.37695\n",
      "2551  0.37635  0.24670  0.37695\n",
      "2552  0.37635  0.24665  0.37700\n",
      "2553  0.37635  0.24660  0.37705\n",
      "2554  0.37635  0.24660  0.37705\n",
      "\n",
      "[2555 rows x 3 columns]\n",
      "Folder 'Results_experiment_3' created.\n",
      "Loaded data from: ..\\experiment_3\\Run_3_n_1_o_-0p367\\figures_20241130\\opinion_trend.txt\n",
      "Loaded data from: ..\\experiment_3\\Run_3_n_1_o_-0p367\\figures_20241130_1\\opinion_trend.txt\n",
      "Loaded data from: ..\\experiment_3\\Run_3_n_1_o_-0p367\\figures_20241130_2\\opinion_trend.txt\n",
      "Loaded data from: ..\\experiment_3\\Run_3_n_1_o_-0p367\\figures_20241130_3\\opinion_trend.txt\n",
      "Loaded data from: ..\\experiment_3\\Run_3_n_1_o_-0p367\\figures_20241130_4\\opinion_trend.txt\n",
      "Loaded data from: ..\\experiment_3\\Run_3_n_1_o_-0p367\\figures_20241130_5\\opinion_trend.txt\n",
      "Loaded data from: ..\\experiment_3\\Run_3_n_1_o_-0p367\\figures_20241130_6\\opinion_trend.txt\n",
      "Loaded data from: ..\\experiment_3\\Run_3_n_1_o_-0p367\\figures_20241130_7\\opinion_trend.txt\n",
      "Loaded 8 DataFrames.\n",
      "Average DataFrame:\n",
      "          -1        0        1\n",
      "0     0.3309  0.33725  0.33185\n",
      "1     0.3206  0.35545  0.32395\n",
      "2     0.3100  0.37250  0.31750\n",
      "3     0.3049  0.38460  0.31050\n",
      "4     0.2979  0.39485  0.30725\n",
      "...      ...      ...      ...\n",
      "2550  0.3748  0.25025  0.37495\n",
      "2551  0.3748  0.25025  0.37495\n",
      "2552  0.3748  0.25025  0.37495\n",
      "2553  0.3748  0.25025  0.37495\n",
      "2554  0.3748  0.25025  0.37495\n",
      "\n",
      "[2555 rows x 3 columns]\n",
      "Loaded data from: ..\\experiment_3\\Run_3_n_1_o_-0p578\\figures_20241130\\opinion_trend.txt\n",
      "Loaded data from: ..\\experiment_3\\Run_3_n_1_o_-0p578\\figures_20241130_1\\opinion_trend.txt\n",
      "Loaded data from: ..\\experiment_3\\Run_3_n_1_o_-0p578\\figures_20241130_2\\opinion_trend.txt\n",
      "Loaded data from: ..\\experiment_3\\Run_3_n_1_o_-0p578\\figures_20241130_3\\opinion_trend.txt\n",
      "Loaded data from: ..\\experiment_3\\Run_3_n_1_o_-0p578\\figures_20241130_4\\opinion_trend.txt\n",
      "Loaded data from: ..\\experiment_3\\Run_3_n_1_o_-0p578\\figures_20241130_5\\opinion_trend.txt\n",
      "Loaded data from: ..\\experiment_3\\Run_3_n_1_o_-0p578\\figures_20241130_6\\opinion_trend.txt\n",
      "Loaded data from: ..\\experiment_3\\Run_3_n_1_o_-0p578\\figures_20241130_7\\opinion_trend.txt\n",
      "Loaded 8 DataFrames.\n",
      "Average DataFrame:\n",
      "           -1        0        1\n",
      "0     0.33090  0.33740  0.33170\n",
      "1     0.32340  0.35380  0.32280\n",
      "2     0.31415  0.37140  0.31445\n",
      "3     0.30750  0.38305  0.30945\n",
      "4     0.30240  0.39445  0.30315\n",
      "...       ...      ...      ...\n",
      "2550  0.37850  0.24395  0.37755\n",
      "2551  0.37850  0.24385  0.37765\n",
      "2552  0.37855  0.24380  0.37765\n",
      "2553  0.37855  0.24380  0.37765\n",
      "2554  0.37855  0.24380  0.37765\n",
      "\n",
      "[2555 rows x 3 columns]\n",
      "Loaded data from: ..\\experiment_3\\Run_3_n_1_o_-0p789\\figures_20241130\\opinion_trend.txt\n",
      "Loaded data from: ..\\experiment_3\\Run_3_n_1_o_-0p789\\figures_20241130_1\\opinion_trend.txt\n",
      "Loaded data from: ..\\experiment_3\\Run_3_n_1_o_-0p789\\figures_20241130_2\\opinion_trend.txt\n",
      "Loaded data from: ..\\experiment_3\\Run_3_n_1_o_-0p789\\figures_20241130_3\\opinion_trend.txt\n",
      "Loaded data from: ..\\experiment_3\\Run_3_n_1_o_-0p789\\figures_20241130_4\\opinion_trend.txt\n",
      "Loaded data from: ..\\experiment_3\\Run_3_n_1_o_-0p789\\figures_20241130_5\\opinion_trend.txt\n",
      "Loaded data from: ..\\experiment_3\\Run_3_n_1_o_-0p789\\figures_20241130_6\\opinion_trend.txt\n",
      "Loaded data from: ..\\experiment_3\\Run_3_n_1_o_-0p789\\figures_20241130_7\\opinion_trend.txt\n",
      "Loaded 8 DataFrames.\n",
      "Average DataFrame:\n",
      "           -1        0        1\n",
      "0     0.33090  0.33850  0.33060\n",
      "1     0.32100  0.36005  0.31895\n",
      "2     0.31130  0.37620  0.31250\n",
      "3     0.30325  0.39110  0.30565\n",
      "4     0.29755  0.40215  0.30030\n",
      "...       ...      ...      ...\n",
      "2550  0.37005  0.25975  0.37020\n",
      "2551  0.37010  0.25965  0.37025\n",
      "2552  0.37015  0.25960  0.37025\n",
      "2553  0.37015  0.25960  0.37025\n",
      "2554  0.37015  0.25960  0.37025\n",
      "\n",
      "[2555 rows x 3 columns]\n",
      "Loaded data from: ..\\experiment_3\\Run_3_n_1_o_-1p0\\figures_20241130\\opinion_trend.txt\n",
      "Loaded data from: ..\\experiment_3\\Run_3_n_1_o_-1p0\\figures_20241130_1\\opinion_trend.txt\n",
      "Loaded data from: ..\\experiment_3\\Run_3_n_1_o_-1p0\\figures_20241130_2\\opinion_trend.txt\n",
      "Loaded data from: ..\\experiment_3\\Run_3_n_1_o_-1p0\\figures_20241130_3\\opinion_trend.txt\n",
      "Loaded data from: ..\\experiment_3\\Run_3_n_1_o_-1p0\\figures_20241130_4\\opinion_trend.txt\n",
      "Loaded data from: ..\\experiment_3\\Run_3_n_1_o_-1p0\\figures_20241130_5\\opinion_trend.txt\n",
      "Loaded data from: ..\\experiment_3\\Run_3_n_1_o_-1p0\\figures_20241130_6\\opinion_trend.txt\n",
      "Loaded data from: ..\\experiment_3\\Run_3_n_1_o_-1p0\\figures_20241130_7\\opinion_trend.txt\n",
      "Loaded 8 DataFrames.\n",
      "Average DataFrame:\n",
      "           -1        0        1\n",
      "0     0.33145  0.33785  0.33070\n",
      "1     0.32285  0.35645  0.32070\n",
      "2     0.31410  0.37365  0.31225\n",
      "3     0.30615  0.38760  0.30625\n",
      "4     0.30050  0.39925  0.30025\n",
      "...       ...      ...      ...\n",
      "2550  0.37755  0.24655  0.37590\n",
      "2551  0.37760  0.24645  0.37595\n",
      "2552  0.37760  0.24645  0.37595\n",
      "2553  0.37760  0.24645  0.37595\n",
      "2554  0.37760  0.24645  0.37595\n",
      "\n",
      "[2555 rows x 3 columns]\n",
      "Loaded data from: ..\\experiment_3\\Run_3_n_1_o_0p056\\figures_20241130\\opinion_trend.txt\n",
      "Loaded data from: ..\\experiment_3\\Run_3_n_1_o_0p056\\figures_20241130_1\\opinion_trend.txt\n",
      "Loaded data from: ..\\experiment_3\\Run_3_n_1_o_0p056\\figures_20241130_2\\opinion_trend.txt\n",
      "Loaded data from: ..\\experiment_3\\Run_3_n_1_o_0p056\\figures_20241130_3\\opinion_trend.txt\n",
      "Loaded data from: ..\\experiment_3\\Run_3_n_1_o_0p056\\figures_20241130_4\\opinion_trend.txt\n",
      "Loaded data from: ..\\experiment_3\\Run_3_n_1_o_0p056\\figures_20241130_5\\opinion_trend.txt\n",
      "Loaded data from: ..\\experiment_3\\Run_3_n_1_o_0p056\\figures_20241130_6\\opinion_trend.txt\n",
      "Loaded data from: ..\\experiment_3\\Run_3_n_1_o_0p056\\figures_20241130_7\\opinion_trend.txt\n",
      "Loaded 8 DataFrames.\n",
      "Average DataFrame:\n",
      "           -1        0        1\n",
      "0     0.33190  0.33690  0.33120\n",
      "1     0.32255  0.35605  0.32140\n",
      "2     0.31290  0.37280  0.31430\n",
      "3     0.30655  0.38535  0.30810\n",
      "4     0.30040  0.39635  0.30325\n",
      "...       ...      ...      ...\n",
      "2550  0.37830  0.20200  0.41970\n",
      "2551  0.37835  0.20195  0.41970\n",
      "2552  0.37835  0.20195  0.41970\n",
      "2553  0.37840  0.20190  0.41970\n",
      "2554  0.37840  0.20190  0.41970\n",
      "\n",
      "[2555 rows x 3 columns]\n",
      "Loaded data from: ..\\experiment_3\\Run_3_n_1_o_0p267\\figures_20241130\\opinion_trend.txt\n",
      "Loaded data from: ..\\experiment_3\\Run_3_n_1_o_0p267\\figures_20241130_1\\opinion_trend.txt\n",
      "Loaded data from: ..\\experiment_3\\Run_3_n_1_o_0p267\\figures_20241130_2\\opinion_trend.txt\n",
      "Loaded data from: ..\\experiment_3\\Run_3_n_1_o_0p267\\figures_20241130_3\\opinion_trend.txt\n",
      "Loaded data from: ..\\experiment_3\\Run_3_n_1_o_0p267\\figures_20241130_4\\opinion_trend.txt\n",
      "Loaded data from: ..\\experiment_3\\Run_3_n_1_o_0p267\\figures_20241130_5\\opinion_trend.txt\n",
      "Loaded data from: ..\\experiment_3\\Run_3_n_1_o_0p267\\figures_20241130_6\\opinion_trend.txt\n",
      "Loaded data from: ..\\experiment_3\\Run_3_n_1_o_0p267\\figures_20241130_7\\opinion_trend.txt\n",
      "Loaded 8 DataFrames.\n",
      "Average DataFrame:\n",
      "           -1        0        1\n",
      "0     0.33090  0.33770  0.33140\n",
      "1     0.32070  0.35635  0.32295\n",
      "2     0.31055  0.37410  0.31535\n",
      "3     0.30530  0.38640  0.30830\n",
      "4     0.30045  0.39605  0.30350\n",
      "...       ...      ...      ...\n",
      "2550  0.37765  0.24460  0.37775\n",
      "2551  0.37765  0.24460  0.37775\n",
      "2552  0.37765  0.24455  0.37780\n",
      "2553  0.37765  0.24455  0.37780\n",
      "2554  0.37770  0.24450  0.37780\n",
      "\n",
      "[2555 rows x 3 columns]\n",
      "Loaded data from: ..\\experiment_3\\Run_3_n_1_o_0p478\\figures_20241130\\opinion_trend.txt\n",
      "Loaded data from: ..\\experiment_3\\Run_3_n_1_o_0p478\\figures_20241130_1\\opinion_trend.txt\n",
      "Loaded data from: ..\\experiment_3\\Run_3_n_1_o_0p478\\figures_20241130_2\\opinion_trend.txt\n",
      "Loaded data from: ..\\experiment_3\\Run_3_n_1_o_0p478\\figures_20241130_3\\opinion_trend.txt\n",
      "Loaded data from: ..\\experiment_3\\Run_3_n_1_o_0p478\\figures_20241130_4\\opinion_trend.txt\n",
      "Loaded data from: ..\\experiment_3\\Run_3_n_1_o_0p478\\figures_20241130_5\\opinion_trend.txt\n",
      "Loaded data from: ..\\experiment_3\\Run_3_n_1_o_0p478\\figures_20241130_6\\opinion_trend.txt\n",
      "Loaded data from: ..\\experiment_3\\Run_3_n_1_o_0p478\\figures_20241130_7\\opinion_trend.txt\n",
      "Loaded 8 DataFrames.\n",
      "Average DataFrame:\n",
      "           -1        0        1\n",
      "0     0.33150  0.33735  0.33115\n",
      "1     0.32170  0.35765  0.32065\n",
      "2     0.31385  0.37305  0.31310\n",
      "3     0.30645  0.38865  0.30490\n",
      "4     0.29975  0.40090  0.29935\n",
      "...       ...      ...      ...\n",
      "2550  0.37290  0.25485  0.37225\n",
      "2551  0.37295  0.25480  0.37225\n",
      "2552  0.37295  0.25475  0.37230\n",
      "2553  0.37295  0.25475  0.37230\n",
      "2554  0.37295  0.25475  0.37230\n",
      "\n",
      "[2555 rows x 3 columns]\n",
      "Loaded data from: ..\\experiment_3\\Run_3_n_1_o_0p689\\figures_20241130\\opinion_trend.txt\n",
      "Loaded data from: ..\\experiment_3\\Run_3_n_1_o_0p689\\figures_20241130_1\\opinion_trend.txt\n",
      "Loaded data from: ..\\experiment_3\\Run_3_n_1_o_0p689\\figures_20241130_2\\opinion_trend.txt\n",
      "Loaded data from: ..\\experiment_3\\Run_3_n_1_o_0p689\\figures_20241130_3\\opinion_trend.txt\n",
      "Loaded data from: ..\\experiment_3\\Run_3_n_1_o_0p689\\figures_20241130_4\\opinion_trend.txt\n",
      "Loaded data from: ..\\experiment_3\\Run_3_n_1_o_0p689\\figures_20241130_5\\opinion_trend.txt\n",
      "Loaded data from: ..\\experiment_3\\Run_3_n_1_o_0p689\\figures_20241130_6\\opinion_trend.txt\n",
      "Loaded data from: ..\\experiment_3\\Run_3_n_1_o_0p689\\figures_20241130_7\\opinion_trend.txt\n",
      "Loaded 8 DataFrames.\n",
      "Average DataFrame:\n",
      "           -1        0        1\n",
      "0     0.33140  0.33735  0.33125\n",
      "1     0.32340  0.35345  0.32315\n",
      "2     0.31470  0.37055  0.31475\n",
      "3     0.30830  0.38255  0.30915\n",
      "4     0.30215  0.39555  0.30230\n",
      "...       ...      ...      ...\n",
      "2550  0.37500  0.24900  0.37600\n",
      "2551  0.37510  0.24895  0.37595\n",
      "2552  0.37515  0.24890  0.37595\n",
      "2553  0.37520  0.24885  0.37595\n",
      "2554  0.37525  0.24880  0.37595\n",
      "\n",
      "[2555 rows x 3 columns]\n",
      "Loaded data from: ..\\experiment_3\\Run_3_n_1_o_0p9\\figures_20241130\\opinion_trend.txt\n",
      "Loaded data from: ..\\experiment_3\\Run_3_n_1_o_0p9\\figures_20241130_1\\opinion_trend.txt\n",
      "Loaded data from: ..\\experiment_3\\Run_3_n_1_o_0p9\\figures_20241130_2\\opinion_trend.txt\n",
      "Loaded data from: ..\\experiment_3\\Run_3_n_1_o_0p9\\figures_20241130_3\\opinion_trend.txt\n",
      "Loaded data from: ..\\experiment_3\\Run_3_n_1_o_0p9\\figures_20241130_4\\opinion_trend.txt\n",
      "Loaded data from: ..\\experiment_3\\Run_3_n_1_o_0p9\\figures_20241130_5\\opinion_trend.txt\n",
      "Loaded data from: ..\\experiment_3\\Run_3_n_1_o_0p9\\figures_20241130_6\\opinion_trend.txt\n",
      "Loaded data from: ..\\experiment_3\\Run_3_n_1_o_0p9\\figures_20241130_7\\opinion_trend.txt\n",
      "Loaded 8 DataFrames.\n",
      "Average DataFrame:\n",
      "           -1        0        1\n",
      "0     0.33055  0.33765  0.33180\n",
      "1     0.32015  0.35655  0.32330\n",
      "2     0.31080  0.37550  0.31370\n",
      "3     0.30235  0.39185  0.30580\n",
      "4     0.29520  0.40430  0.30050\n",
      "...       ...      ...      ...\n",
      "2550  0.37590  0.24860  0.37550\n",
      "2551  0.37590  0.24860  0.37550\n",
      "2552  0.37590  0.24855  0.37555\n",
      "2553  0.37590  0.24855  0.37555\n",
      "2554  0.37595  0.24840  0.37565\n",
      "\n",
      "[2555 rows x 3 columns]\n",
      "Loaded data from: ..\\experiment_3\\Run_3_n_2_o_-0p156\\figures_20241130\\opinion_trend.txt\n",
      "Loaded data from: ..\\experiment_3\\Run_3_n_2_o_-0p156\\figures_20241130_1\\opinion_trend.txt\n",
      "Loaded data from: ..\\experiment_3\\Run_3_n_2_o_-0p156\\figures_20241130_2\\opinion_trend.txt\n",
      "Loaded data from: ..\\experiment_3\\Run_3_n_2_o_-0p156\\figures_20241130_3\\opinion_trend.txt\n",
      "Loaded data from: ..\\experiment_3\\Run_3_n_2_o_-0p156\\figures_20241130_4\\opinion_trend.txt\n",
      "Loaded data from: ..\\experiment_3\\Run_3_n_2_o_-0p156\\figures_20241130_5\\opinion_trend.txt\n",
      "Loaded data from: ..\\experiment_3\\Run_3_n_2_o_-0p156\\figures_20241130_6\\opinion_trend.txt\n",
      "Loaded data from: ..\\experiment_3\\Run_3_n_2_o_-0p156\\figures_20241130_7\\opinion_trend.txt\n",
      "Loaded 8 DataFrames.\n",
      "Average DataFrame:\n",
      "           -1        0        1\n",
      "0     0.33125  0.33805  0.33070\n",
      "1     0.32140  0.35735  0.32125\n",
      "2     0.31280  0.37350  0.31370\n",
      "3     0.30570  0.38665  0.30765\n",
      "4     0.30120  0.39505  0.30375\n",
      "...       ...      ...      ...\n",
      "2550  0.36815  0.26345  0.36840\n",
      "2551  0.36815  0.26345  0.36840\n",
      "2552  0.36815  0.26345  0.36840\n",
      "2553  0.36820  0.26335  0.36845\n",
      "2554  0.36820  0.26335  0.36845\n",
      "\n",
      "[2555 rows x 3 columns]\n",
      "Loaded data from: ..\\experiment_3\\Run_3_n_2_o_-0p367\\figures_20241130\\opinion_trend.txt\n",
      "Loaded data from: ..\\experiment_3\\Run_3_n_2_o_-0p367\\figures_20241130_1\\opinion_trend.txt\n",
      "Loaded data from: ..\\experiment_3\\Run_3_n_2_o_-0p367\\figures_20241130_2\\opinion_trend.txt\n",
      "Loaded data from: ..\\experiment_3\\Run_3_n_2_o_-0p367\\figures_20241130_3\\opinion_trend.txt\n",
      "Loaded data from: ..\\experiment_3\\Run_3_n_2_o_-0p367\\figures_20241130_4\\opinion_trend.txt\n",
      "Loaded data from: ..\\experiment_3\\Run_3_n_2_o_-0p367\\figures_20241130_5\\opinion_trend.txt\n",
      "Loaded data from: ..\\experiment_3\\Run_3_n_2_o_-0p367\\figures_20241130_6\\opinion_trend.txt\n",
      "Loaded data from: ..\\experiment_3\\Run_3_n_2_o_-0p367\\figures_20241130_7\\opinion_trend.txt\n",
      "Loaded 8 DataFrames.\n",
      "Average DataFrame:\n",
      "           -1        0        1\n",
      "0     0.33040  0.33795  0.33165\n",
      "1     0.32085  0.35700  0.32215\n",
      "2     0.31020  0.37440  0.31540\n",
      "3     0.30315  0.38820  0.30865\n",
      "4     0.29835  0.39925  0.30240\n",
      "...       ...      ...      ...\n",
      "2550  0.37525  0.24900  0.37575\n",
      "2551  0.37530  0.24895  0.37575\n",
      "2552  0.37530  0.24895  0.37575\n",
      "2553  0.37530  0.24895  0.37575\n",
      "2554  0.37535  0.24885  0.37580\n",
      "\n",
      "[2555 rows x 3 columns]\n",
      "Loaded data from: ..\\experiment_3\\Run_3_n_2_o_-0p578\\figures_20241130\\opinion_trend.txt\n",
      "Loaded data from: ..\\experiment_3\\Run_3_n_2_o_-0p578\\figures_20241130_1\\opinion_trend.txt\n",
      "Loaded data from: ..\\experiment_3\\Run_3_n_2_o_-0p578\\figures_20241130_2\\opinion_trend.txt\n",
      "Loaded data from: ..\\experiment_3\\Run_3_n_2_o_-0p578\\figures_20241130_3\\opinion_trend.txt\n",
      "Loaded data from: ..\\experiment_3\\Run_3_n_2_o_-0p578\\figures_20241130_4\\opinion_trend.txt\n",
      "Loaded data from: ..\\experiment_3\\Run_3_n_2_o_-0p578\\figures_20241130_5\\opinion_trend.txt\n",
      "Loaded data from: ..\\experiment_3\\Run_3_n_2_o_-0p578\\figures_20241130_6\\opinion_trend.txt\n",
      "Loaded data from: ..\\experiment_3\\Run_3_n_2_o_-0p578\\figures_20241130_7\\opinion_trend.txt\n",
      "Loaded 8 DataFrames.\n",
      "Average DataFrame:\n",
      "           -1        0        1\n",
      "0     0.33020  0.33835  0.33145\n",
      "1     0.32120  0.35495  0.32385\n",
      "2     0.31315  0.36990  0.31695\n",
      "3     0.30570  0.38325  0.31105\n",
      "4     0.29950  0.39480  0.30570\n",
      "...       ...      ...      ...\n",
      "2550  0.37390  0.25190  0.37420\n",
      "2551  0.37390  0.25190  0.37420\n",
      "2552  0.37390  0.25190  0.37420\n",
      "2553  0.37395  0.25185  0.37420\n",
      "2554  0.37395  0.25180  0.37425\n",
      "\n",
      "[2555 rows x 3 columns]\n",
      "Loaded data from: ..\\experiment_3\\Run_3_n_2_o_-0p789\\figures_20241130\\opinion_trend.txt\n",
      "Loaded data from: ..\\experiment_3\\Run_3_n_2_o_-0p789\\figures_20241130_1\\opinion_trend.txt\n",
      "Loaded data from: ..\\experiment_3\\Run_3_n_2_o_-0p789\\figures_20241130_2\\opinion_trend.txt\n",
      "Loaded data from: ..\\experiment_3\\Run_3_n_2_o_-0p789\\figures_20241130_3\\opinion_trend.txt\n",
      "Loaded data from: ..\\experiment_3\\Run_3_n_2_o_-0p789\\figures_20241130_4\\opinion_trend.txt\n",
      "Loaded data from: ..\\experiment_3\\Run_3_n_2_o_-0p789\\figures_20241130_5\\opinion_trend.txt\n",
      "Loaded data from: ..\\experiment_3\\Run_3_n_2_o_-0p789\\figures_20241130_6\\opinion_trend.txt\n",
      "Loaded data from: ..\\experiment_3\\Run_3_n_2_o_-0p789\\figures_20241130_7\\opinion_trend.txt\n",
      "Loaded 8 DataFrames.\n",
      "Average DataFrame:\n",
      "           -1        0        1\n",
      "0     0.33055  0.33780  0.33165\n",
      "1     0.31935  0.35885  0.32180\n",
      "2     0.31035  0.37600  0.31365\n",
      "3     0.30420  0.38840  0.30740\n",
      "4     0.29800  0.40025  0.30175\n",
      "...       ...      ...      ...\n",
      "2550  0.37130  0.25710  0.37160\n",
      "2551  0.37130  0.25710  0.37160\n",
      "2552  0.37130  0.25710  0.37160\n",
      "2553  0.37130  0.25710  0.37160\n",
      "2554  0.37130  0.25710  0.37160\n",
      "\n",
      "[2555 rows x 3 columns]\n",
      "Loaded data from: ..\\experiment_3\\Run_3_n_2_o_-1p0\\figures_20241130\\opinion_trend.txt\n",
      "Loaded data from: ..\\experiment_3\\Run_3_n_2_o_-1p0\\figures_20241130_1\\opinion_trend.txt\n",
      "Loaded data from: ..\\experiment_3\\Run_3_n_2_o_-1p0\\figures_20241130_2\\opinion_trend.txt\n",
      "Loaded data from: ..\\experiment_3\\Run_3_n_2_o_-1p0\\figures_20241130_3\\opinion_trend.txt\n",
      "Loaded data from: ..\\experiment_3\\Run_3_n_2_o_-1p0\\figures_20241130_4\\opinion_trend.txt\n",
      "Loaded data from: ..\\experiment_3\\Run_3_n_2_o_-1p0\\figures_20241130_5\\opinion_trend.txt\n",
      "Loaded data from: ..\\experiment_3\\Run_3_n_2_o_-1p0\\figures_20241130_6\\opinion_trend.txt\n",
      "Loaded data from: ..\\experiment_3\\Run_3_n_2_o_-1p0\\figures_20241130_7\\opinion_trend.txt\n",
      "Loaded 8 DataFrames.\n",
      "Average DataFrame:\n",
      "           -1        0        1\n",
      "0     0.33170  0.33710  0.33120\n",
      "1     0.32090  0.35825  0.32085\n",
      "2     0.31405  0.37150  0.31445\n",
      "3     0.30660  0.38650  0.30690\n",
      "4     0.29930  0.39800  0.30270\n",
      "...       ...      ...      ...\n",
      "2550  0.37570  0.24800  0.37630\n",
      "2551  0.37570  0.24800  0.37630\n",
      "2552  0.37570  0.24800  0.37630\n",
      "2553  0.37570  0.24800  0.37630\n",
      "2554  0.37570  0.24800  0.37630\n",
      "\n",
      "[2555 rows x 3 columns]\n",
      "Loaded data from: ..\\experiment_3\\Run_3_n_2_o_0p056\\figures_20241130\\opinion_trend.txt\n",
      "Loaded data from: ..\\experiment_3\\Run_3_n_2_o_0p056\\figures_20241130_1\\opinion_trend.txt\n",
      "Loaded data from: ..\\experiment_3\\Run_3_n_2_o_0p056\\figures_20241130_2\\opinion_trend.txt\n",
      "Loaded data from: ..\\experiment_3\\Run_3_n_2_o_0p056\\figures_20241130_3\\opinion_trend.txt\n",
      "Loaded data from: ..\\experiment_3\\Run_3_n_2_o_0p056\\figures_20241130_4\\opinion_trend.txt\n",
      "Loaded data from: ..\\experiment_3\\Run_3_n_2_o_0p056\\figures_20241130_5\\opinion_trend.txt\n",
      "Loaded data from: ..\\experiment_3\\Run_3_n_2_o_0p056\\figures_20241130_6\\opinion_trend.txt\n",
      "Loaded data from: ..\\experiment_3\\Run_3_n_2_o_0p056\\figures_20241130_7\\opinion_trend.txt\n",
      "Loaded 8 DataFrames.\n",
      "Average DataFrame:\n",
      "           -1        0        1\n",
      "0     0.33105  0.33715  0.33180\n",
      "1     0.32290  0.35655  0.32055\n",
      "2     0.31510  0.37170  0.31320\n",
      "3     0.30970  0.38280  0.30750\n",
      "4     0.30270  0.39660  0.30070\n",
      "...       ...      ...      ...\n",
      "2550  0.37605  0.21505  0.40890\n",
      "2551  0.37605  0.21505  0.40890\n",
      "2552  0.37615  0.21495  0.40890\n",
      "2553  0.37615  0.21495  0.40890\n",
      "2554  0.37620  0.21490  0.40890\n",
      "\n",
      "[2555 rows x 3 columns]\n",
      "Loaded data from: ..\\experiment_3\\Run_3_n_2_o_0p267\\figures_20241130\\opinion_trend.txt\n",
      "Loaded data from: ..\\experiment_3\\Run_3_n_2_o_0p267\\figures_20241130_1\\opinion_trend.txt\n",
      "Loaded data from: ..\\experiment_3\\Run_3_n_2_o_0p267\\figures_20241130_2\\opinion_trend.txt\n",
      "Loaded data from: ..\\experiment_3\\Run_3_n_2_o_0p267\\figures_20241130_3\\opinion_trend.txt\n",
      "Loaded data from: ..\\experiment_3\\Run_3_n_2_o_0p267\\figures_20241130_4\\opinion_trend.txt\n",
      "Loaded data from: ..\\experiment_3\\Run_3_n_2_o_0p267\\figures_20241130_5\\opinion_trend.txt\n",
      "Loaded data from: ..\\experiment_3\\Run_3_n_2_o_0p267\\figures_20241130_6\\opinion_trend.txt\n",
      "Loaded data from: ..\\experiment_3\\Run_3_n_2_o_0p267\\figures_20241130_7\\opinion_trend.txt\n",
      "Loaded 8 DataFrames.\n",
      "Average DataFrame:\n",
      "           -1        0        1\n",
      "0     0.33055  0.33760  0.33185\n",
      "1     0.32160  0.35470  0.32370\n",
      "2     0.31255  0.37325  0.31420\n",
      "3     0.30710  0.38450  0.30840\n",
      "4     0.30170  0.39620  0.30210\n",
      "...       ...      ...      ...\n",
      "2550  0.38110  0.23965  0.37925\n",
      "2551  0.38110  0.23960  0.37930\n",
      "2552  0.38110  0.23960  0.37930\n",
      "2553  0.38115  0.23955  0.37930\n",
      "2554  0.38115  0.23955  0.37930\n",
      "\n",
      "[2555 rows x 3 columns]\n",
      "Loaded data from: ..\\experiment_3\\Run_3_n_2_o_0p478\\figures_20241130\\opinion_trend.txt\n",
      "Loaded data from: ..\\experiment_3\\Run_3_n_2_o_0p478\\figures_20241130_1\\opinion_trend.txt\n",
      "Loaded data from: ..\\experiment_3\\Run_3_n_2_o_0p478\\figures_20241130_2\\opinion_trend.txt\n",
      "Loaded data from: ..\\experiment_3\\Run_3_n_2_o_0p478\\figures_20241130_3\\opinion_trend.txt\n",
      "Loaded data from: ..\\experiment_3\\Run_3_n_2_o_0p478\\figures_20241130_4\\opinion_trend.txt\n",
      "Loaded data from: ..\\experiment_3\\Run_3_n_2_o_0p478\\figures_20241130_5\\opinion_trend.txt\n",
      "Loaded data from: ..\\experiment_3\\Run_3_n_2_o_0p478\\figures_20241130_6\\opinion_trend.txt\n",
      "Loaded data from: ..\\experiment_3\\Run_3_n_2_o_0p478\\figures_20241130_7\\opinion_trend.txt\n",
      "Loaded 8 DataFrames.\n",
      "Average DataFrame:\n",
      "           -1        0        1\n",
      "0     0.33150  0.33650  0.33200\n",
      "1     0.32230  0.35335  0.32435\n",
      "2     0.31285  0.36910  0.31805\n",
      "3     0.30570  0.38455  0.30975\n",
      "4     0.29830  0.39830  0.30340\n",
      "...       ...      ...      ...\n",
      "2550  0.37330  0.25415  0.37255\n",
      "2551  0.37335  0.25410  0.37255\n",
      "2552  0.37335  0.25410  0.37255\n",
      "2553  0.37335  0.25410  0.37255\n",
      "2554  0.37335  0.25410  0.37255\n",
      "\n",
      "[2555 rows x 3 columns]\n",
      "Loaded data from: ..\\experiment_3\\Run_3_n_2_o_0p689\\figures_20241130\\opinion_trend.txt\n",
      "Loaded data from: ..\\experiment_3\\Run_3_n_2_o_0p689\\figures_20241130_1\\opinion_trend.txt\n",
      "Loaded data from: ..\\experiment_3\\Run_3_n_2_o_0p689\\figures_20241130_2\\opinion_trend.txt\n",
      "Loaded data from: ..\\experiment_3\\Run_3_n_2_o_0p689\\figures_20241130_3\\opinion_trend.txt\n",
      "Loaded data from: ..\\experiment_3\\Run_3_n_2_o_0p689\\figures_20241130_4\\opinion_trend.txt\n",
      "Loaded data from: ..\\experiment_3\\Run_3_n_2_o_0p689\\figures_20241130_5\\opinion_trend.txt\n",
      "Loaded data from: ..\\experiment_3\\Run_3_n_2_o_0p689\\figures_20241130_6\\opinion_trend.txt\n",
      "Loaded data from: ..\\experiment_3\\Run_3_n_2_o_0p689\\figures_20241130_7\\opinion_trend.txt\n",
      "Loaded 8 DataFrames.\n",
      "Average DataFrame:\n",
      "           -1        0        1\n",
      "0     0.33185  0.33730  0.33085\n",
      "1     0.32065  0.35830  0.32105\n",
      "2     0.31240  0.37420  0.31340\n",
      "3     0.30595  0.38735  0.30670\n",
      "4     0.29960  0.40010  0.30030\n",
      "...       ...      ...      ...\n",
      "2550  0.37575  0.24730  0.37695\n",
      "2551  0.37575  0.24730  0.37695\n",
      "2552  0.37575  0.24725  0.37700\n",
      "2553  0.37580  0.24720  0.37700\n",
      "2554  0.37580  0.24720  0.37700\n",
      "\n",
      "[2555 rows x 3 columns]\n",
      "Loaded data from: ..\\experiment_3\\Run_3_n_2_o_0p9\\figures_20241130\\opinion_trend.txt\n",
      "Loaded data from: ..\\experiment_3\\Run_3_n_2_o_0p9\\figures_20241130_1\\opinion_trend.txt\n",
      "Loaded data from: ..\\experiment_3\\Run_3_n_2_o_0p9\\figures_20241130_2\\opinion_trend.txt\n",
      "Loaded data from: ..\\experiment_3\\Run_3_n_2_o_0p9\\figures_20241130_3\\opinion_trend.txt\n",
      "Loaded data from: ..\\experiment_3\\Run_3_n_2_o_0p9\\figures_20241130_4\\opinion_trend.txt\n",
      "Loaded data from: ..\\experiment_3\\Run_3_n_2_o_0p9\\figures_20241130_5\\opinion_trend.txt\n",
      "Loaded data from: ..\\experiment_3\\Run_3_n_2_o_0p9\\figures_20241130_6\\opinion_trend.txt\n",
      "Loaded data from: ..\\experiment_3\\Run_3_n_2_o_0p9\\figures_20241130_7\\opinion_trend.txt\n",
      "Loaded 8 DataFrames.\n",
      "Average DataFrame:\n",
      "           -1        0        1\n",
      "0     0.33135  0.33705  0.33160\n",
      "1     0.32150  0.35585  0.32265\n",
      "2     0.31430  0.37055  0.31515\n",
      "3     0.30675  0.38560  0.30765\n",
      "4     0.30030  0.39885  0.30085\n",
      "...       ...      ...      ...\n",
      "2550  0.37650  0.24775  0.37575\n",
      "2551  0.37650  0.24770  0.37580\n",
      "2552  0.37650  0.24770  0.37580\n",
      "2553  0.37650  0.24770  0.37580\n",
      "2554  0.37650  0.24770  0.37580\n",
      "\n",
      "[2555 rows x 3 columns]\n",
      "Loaded data from: ..\\experiment_3\\Run_3_n_3_o_-0p156\\figures_20241130\\opinion_trend.txt\n",
      "Loaded data from: ..\\experiment_3\\Run_3_n_3_o_-0p156\\figures_20241130_1\\opinion_trend.txt\n",
      "Loaded data from: ..\\experiment_3\\Run_3_n_3_o_-0p156\\figures_20241130_2\\opinion_trend.txt\n",
      "Loaded data from: ..\\experiment_3\\Run_3_n_3_o_-0p156\\figures_20241201\\opinion_trend.txt\n",
      "Loaded data from: ..\\experiment_3\\Run_3_n_3_o_-0p156\\figures_20241201_1\\opinion_trend.txt\n",
      "Loaded data from: ..\\experiment_3\\Run_3_n_3_o_-0p156\\figures_20241201_2\\opinion_trend.txt\n",
      "Loaded data from: ..\\experiment_3\\Run_3_n_3_o_-0p156\\figures_20241201_3\\opinion_trend.txt\n",
      "Loaded data from: ..\\experiment_3\\Run_3_n_3_o_-0p156\\figures_20241201_4\\opinion_trend.txt\n",
      "Loaded 8 DataFrames.\n",
      "Average DataFrame:\n",
      "           -1        0        1\n",
      "0     0.33090  0.33795  0.33115\n",
      "1     0.32125  0.35715  0.32160\n",
      "2     0.31245  0.37365  0.31390\n",
      "3     0.30595  0.38555  0.30850\n",
      "4     0.29970  0.39795  0.30235\n",
      "...       ...      ...      ...\n",
      "2550  0.37980  0.24140  0.37880\n",
      "2551  0.37985  0.24135  0.37880\n",
      "2552  0.37990  0.24125  0.37885\n",
      "2553  0.37990  0.24125  0.37885\n",
      "2554  0.37995  0.24120  0.37885\n",
      "\n",
      "[2555 rows x 3 columns]\n",
      "Loaded data from: ..\\experiment_3\\Run_3_n_3_o_-0p367\\figures_20241130\\opinion_trend.txt\n",
      "Loaded data from: ..\\experiment_3\\Run_3_n_3_o_-0p367\\figures_20241130_1\\opinion_trend.txt\n",
      "Loaded data from: ..\\experiment_3\\Run_3_n_3_o_-0p367\\figures_20241201\\opinion_trend.txt\n",
      "Loaded data from: ..\\experiment_3\\Run_3_n_3_o_-0p367\\figures_20241201_1\\opinion_trend.txt\n",
      "Loaded data from: ..\\experiment_3\\Run_3_n_3_o_-0p367\\figures_20241201_2\\opinion_trend.txt\n",
      "Loaded data from: ..\\experiment_3\\Run_3_n_3_o_-0p367\\figures_20241201_3\\opinion_trend.txt\n",
      "Loaded data from: ..\\experiment_3\\Run_3_n_3_o_-0p367\\figures_20241201_4\\opinion_trend.txt\n",
      "Loaded data from: ..\\experiment_3\\Run_3_n_3_o_-0p367\\figures_20241201_5\\opinion_trend.txt\n",
      "Loaded 8 DataFrames.\n",
      "Average DataFrame:\n",
      "           -1        0        1\n",
      "0     0.33145  0.33745  0.33110\n",
      "1     0.32310  0.35445  0.32245\n",
      "2     0.31535  0.37120  0.31345\n",
      "3     0.30710  0.38595  0.30695\n",
      "4     0.30025  0.39735  0.30240\n",
      "...       ...      ...      ...\n",
      "2550  0.37160  0.25700  0.37140\n",
      "2551  0.37160  0.25700  0.37140\n",
      "2552  0.37170  0.25690  0.37140\n",
      "2553  0.37170  0.25690  0.37140\n",
      "2554  0.37170  0.25690  0.37140\n",
      "\n",
      "[2555 rows x 3 columns]\n",
      "Loaded data from: ..\\experiment_3\\Run_3_n_3_o_-0p578\\figures_20241130\\opinion_trend.txt\n",
      "Loaded data from: ..\\experiment_3\\Run_3_n_3_o_-0p578\\figures_20241130_1\\opinion_trend.txt\n",
      "Loaded data from: ..\\experiment_3\\Run_3_n_3_o_-0p578\\figures_20241130_2\\opinion_trend.txt\n",
      "Loaded data from: ..\\experiment_3\\Run_3_n_3_o_-0p578\\figures_20241130_3\\opinion_trend.txt\n",
      "Loaded data from: ..\\experiment_3\\Run_3_n_3_o_-0p578\\figures_20241130_4\\opinion_trend.txt\n",
      "Loaded data from: ..\\experiment_3\\Run_3_n_3_o_-0p578\\figures_20241130_5\\opinion_trend.txt\n",
      "Loaded data from: ..\\experiment_3\\Run_3_n_3_o_-0p578\\figures_20241201\\opinion_trend.txt\n",
      "Loaded data from: ..\\experiment_3\\Run_3_n_3_o_-0p578\\figures_20241201_1\\opinion_trend.txt\n",
      "Loaded 8 DataFrames.\n",
      "Average DataFrame:\n",
      "           -1        0        1\n",
      "0     0.33180  0.33680  0.33140\n",
      "1     0.32305  0.35520  0.32175\n",
      "2     0.31455  0.37140  0.31405\n",
      "3     0.30760  0.38360  0.30880\n",
      "4     0.30195  0.39565  0.30240\n",
      "...       ...      ...      ...\n",
      "2550  0.37465  0.25120  0.37415\n",
      "2551  0.37465  0.25115  0.37420\n",
      "2552  0.37465  0.25110  0.37425\n",
      "2553  0.37465  0.25110  0.37425\n",
      "2554  0.37465  0.25110  0.37425\n",
      "\n",
      "[2555 rows x 3 columns]\n",
      "Loaded data from: ..\\experiment_3\\Run_3_n_3_o_-0p789\\figures_20241130\\opinion_trend.txt\n",
      "Loaded data from: ..\\experiment_3\\Run_3_n_3_o_-0p789\\figures_20241130_1\\opinion_trend.txt\n",
      "Loaded data from: ..\\experiment_3\\Run_3_n_3_o_-0p789\\figures_20241130_2\\opinion_trend.txt\n",
